[header]
width=24
height=24
tilewidth=64
tileheight=64
orientation=orthogonal

[tilesets]
tileset=../tiles/tsSurfaces.png,64,64,0,0
tileset=../tiles/vx_map02/001_Grassland01.png,64,64,0,0

[characters]
character=Light,hero01_level01,2,12,Braves
character=Light,dog01,1,12,Dog
character=Neutral,hero02_level01,19,6,Erson
character=Dark,wolf01,16,12,Wolf1
character=Dark,wolf01,7,20,Wolf2
character=Dark,wolf01,12,19,Wolf3
character=Dark,wolf01,3,3,Wolf4
character=Dark,wolf01,5,3,Wolf5


[layer]
type=layerSet
data=
1,1,1,1,1,1,1,1,1,1,1,1,1,1,1,1,1,1,1,1,1,1,1,1,
1,1,1,1,1,1,1,7,7,7,7,7,1,1,2,2,2,2,2,2,2,2,2,2,
1,1,1,1,1,1,7,7,7,7,7,7,1,1,2,2,2,2,2,2,2,2,2,2,
1,1,1,1,7,7,7,7,7,7,7,7,1,1,2,2,1,1,1,1,1,1,1,1,
1,1,1,7,7,7,7,7,7,7,7,7,1,1,2,2,1,1,1,1,1,1,1,1,
1,1,7,7,7,7,7,7,7,7,7,7,1,1,2,2,1,1,1,1,1,1,1,1,
1,1,7,7,7,7,7,7,7,7,7,7,1,1,2,2,1,1,1,7,7,7,7,1,
1,1,1,7,7,7,7,7,7,7,7,7,1,1,2,2,1,1,7,7,7,7,7,7,
1,1,1,1,1,1,7,7,7,7,1,1,1,1,2,2,1,1,7,7,7,7,7,7,
1,1,1,1,1,1,1,1,1,1,1,1,1,1,2,2,1,1,7,7,7,7,7,7,
1,1,1,1,1,1,1,1,1,1,1,1,1,1,2,2,1,1,7,7,7,7,7,7,
2,2,2,2,2,2,2,2,2,1,1,1,1,1,2,2,1,1,1,7,7,7,7,7,
2,2,2,2,2,2,2,2,2,2,2,2,2,2,2,2,1,1,1,7,7,7,7,7,
1,1,1,1,1,1,1,2,2,2,2,2,2,2,2,2,1,1,1,7,7,7,7,7,
1,1,1,1,1,1,1,1,2,2,1,1,1,1,1,1,1,1,1,7,7,7,7,7,
1,1,1,1,1,1,1,1,2,2,1,1,1,1,1,1,1,1,1,7,7,1,1,1,
1,1,1,1,1,1,1,1,2,2,1,1,1,1,1,1,1,1,1,1,1,1,1,1,
1,1,1,1,1,1,1,1,2,2,1,1,1,1,1,1,1,1,1,1,1,1,1,1,
1,1,1,1,1,1,1,1,2,2,1,1,1,1,1,1,1,1,1,2,2,1,1,1,
1,1,1,1,1,1,1,1,2,2,2,2,2,2,2,2,2,2,2,2,2,1,1,1,
1,1,1,1,1,1,1,1,2,2,2,2,2,2,2,2,2,2,2,2,2,1,1,1,
1,1,1,1,1,1,1,1,1,1,1,1,1,1,1,1,1,1,1,1,1,1,1,1,
1,1,1,1,1,1,1,1,1,1,1,1,1,1,1,1,1,1,1,1,1,1,1,1,
1,1,1,1,1,1,1,1,1,1,1,1,1,1,1,1,1,1,1,1,1,1,1,1

[layer]
type=layerObjects0
data=
0,0,0,0,0,0,0,0,0,0,0,0,0,0,0,0,0,0,0,0,0,0,0,0,
0,0,0,0,0,0,0,0,0,0,0,0,0,0,0,0,0,0,0,0,0,0,0,0,
0,0,0,0,0,0,0,0,0,0,0,66,67,68,69,0,0,0,0,0,0,0,0,0,
0,0,0,0,0,0,0,0,0,0,0,74,75,76,77,0,0,0,0,0,0,0,0,0,
0,0,0,0,0,0,0,0,0,0,0,82,83,84,85,0,0,0,0,0,0,0,0,0,
0,0,0,0,70,71,72,73,0,0,0,90,91,92,93,0,0,0,0,66,67,68,69,0,
66,67,68,69,78,79,80,81,0,0,0,98,99,100,101,0,0,0,0,74,75,76,77,0,
74,75,76,77,86,87,88,89,0,0,0,0,0,0,0,0,0,0,0,82,83,84,85,0,
82,83,84,85,94,95,96,97,0,0,0,0,0,0,0,0,0,0,0,90,91,92,93,0,
90,91,92,93,102,103,104,105,0,0,0,0,0,0,0,0,0,0,0,98,99,100,101,0,
98,99,100,101,0,0,0,0,0,0,0,0,0,0,0,0,0,0,0,0,0,0,0,0,
0,0,0,0,66,67,68,69,0,0,0,0,0,0,0,0,0,0,0,0,0,0,0,0,
0,0,0,0,74,75,76,77,0,0,0,0,0,0,0,0,0,0,0,0,0,0,0,0,
0,0,0,0,82,83,84,85,0,0,0,0,0,0,0,0,0,0,0,0,0,0,0,0,
0,0,0,0,90,91,92,93,0,0,0,0,0,70,71,72,73,0,0,0,0,0,0,0,
0,0,0,0,98,99,100,101,0,0,0,0,0,78,79,80,81,0,0,0,0,0,0,0,
0,0,0,0,0,0,0,0,0,0,0,0,0,86,87,88,89,0,0,0,0,0,0,0,
0,0,0,0,0,0,0,0,0,0,0,0,0,94,95,96,97,0,0,0,0,0,0,0,
0,0,0,0,0,0,0,0,0,0,66,67,68,69,103,104,105,0,0,0,0,0,0,0,
0,0,0,0,0,0,0,0,0,0,74,75,76,77,0,0,0,0,0,0,0,0,0,0,
0,0,0,0,0,0,0,0,0,0,82,83,84,85,0,0,0,0,0,0,33,0,0,0,
0,0,0,0,0,0,0,0,0,0,90,91,92,93,0,0,0,0,0,0,0,0,0,0,
0,0,0,0,0,0,0,0,0,0,98,99,100,101,0,0,0,0,0,0,0,0,0,0,
0,0,0,0,0,0,0,0,0,0,0,0,0,0,0,0,0,0,0,0,0,0,0,0

[layer]
type=layerObjects
data=
0,0,0,28,0,0,0,0,0,66,67,68,69,0,40,0,0,0,0,33,66,67,68,69,
0,40,0,0,0,0,46,0,0,74,75,76,77,0,0,39,66,67,68,69,74,75,76,77,
0,0,66,67,68,69,0,0,49,82,83,84,85,0,36,0,74,75,76,77,82,83,84,85,
0,0,74,75,76,77,0,0,0,90,91,92,93,0,0,0,82,83,84,85,90,91,92,93,
0,0,82,83,84,85,0,40,0,32,99,100,101,0,0,0,90,91,92,93,98,99,100,101,
0,0,90,91,92,93,0,0,0,0,0,0,0,0,0,31,98,99,100,101,0,0,0,0,
0,0,98,99,100,101,37,0,66,67,68,69,0,0,0,0,40,0,0,0,0,0,0,0,
0,0,0,0,0,0,0,0,74,75,76,77,0,37,0,0,0,0,32,0,0,0,0,0,
0,0,0,0,0,0,0,0,82,83,84,85,0,0,0,0,0,66,67,68,69,0,0,0,
0,0,0,0,0,0,0,0,90,91,92,93,0,41,0,0,46,74,75,76,77,0,0,33,
0,0,0,0,36,0,0,37,98,99,100,101,0,0,0,29,0,82,83,84,85,0,0,0,
0,0,0,0,0,0,0,0,39,0,0,36,49,0,0,0,0,90,91,92,93,0,0,0,
40,66,67,68,69,0,0,0,0,46,66,67,68,31,0,39,36,98,99,100,101,28,40,0,
0,74,75,76,77,0,0,0,0,0,74,75,76,77,0,41,0,0,0,0,0,0,0,0,
0,82,83,84,85,0,0,0,0,0,82,83,84,85,0,0,0,32,0,46,66,67,68,69,
0,90,91,92,93,0,0,0,29,0,90,91,92,93,0,33,0,0,0,0,74,75,76,77,
0,98,99,100,101,49,0,39,0,0,98,99,100,101,0,0,0,0,41,0,82,83,84,85,
0,0,0,0,0,0,0,41,0,0,0,0,0,0,0,0,0,0,0,31,90,91,92,93,
70,71,72,73,40,66,67,68,69,0,39,0,0,0,0,0,49,70,71,72,73,99,100,101,
78,79,80,81,0,74,75,76,77,0,0,0,0,0,31,0,0,78,79,80,81,0,0,0,
86,87,88,89,0,82,83,84,85,0,0,0,0,0,0,0,0,86,87,88,89,0,32,0,
94,95,96,97,0,90,91,92,93,0,0,0,0,0,46,0,0,94,95,96,97,0,0,0,
102,103,104,105,33,98,99,100,101,49,0,0,0,0,0,0,0,102,103,104,105,0,29,0,
0,0,0,0,0,0,0,0,0,0,0,0,0,0,0,41,0,0,0,0,0,0,0,0

