[header]
width=24
height=24
tilewidth=64
tileheight=64
orientation=orthogonal

[tilesets]
tileset=../tiles/tsSurfaces.png,64,64,0,0
tileset=../tiles/vx_map02/016-ForestTown02.png,64,64,0,0

[characters]
character=Light,hero01_level01,4,3,Braves
character=Light,hero02_level01,3,3,Erson
character=Neutral,hero03_level01,17,17,Dolor
character=Tutor,civil01,11,15,c1
character=Dark,civil02,12,10,c2
character=Tutor,civil03,14,17,c3
character=Dark,civil04,13,11,c4
character=Tutor,civil05,17,10,c5
character=Tutor,civil06,19,11,c6
character=Tutor,cooker,10,17,cooker

[layer]
type=layerSet
data=
0,0,0,0,0,0,0,0,0,0,0,0,0,0,0,0,0,0,0,0,0,0,0,0,
0,0,0,0,0,0,22,22,22,22,22,22,22,22,22,22,22,22,22,22,22,22,22,0,
0,0,0,0,0,0,22,23,23,23,23,23,23,23,23,23,23,23,23,23,23,23,22,0,
0,0,0,0,0,0,22,23,23,23,23,23,23,23,23,23,23,23,23,23,23,23,22,0,
0,0,0,0,0,0,22,23,23,23,23,23,23,23,23,23,23,23,23,23,23,23,22,0,
0,0,0,0,0,0,22,23,23,23,23,23,23,23,23,23,23,23,23,23,23,23,22,0,
0,0,0,0,0,0,22,23,23,23,23,23,23,23,23,23,23,23,23,23,23,23,22,0,
0,0,0,0,0,0,22,23,23,23,23,23,23,23,23,23,23,23,23,23,23,23,22,0,
0,0,0,0,0,0,22,23,23,23,23,23,23,23,23,23,23,23,23,23,23,23,22,0,
0,0,0,0,0,0,22,23,23,23,23,23,23,23,23,23,23,23,23,23,23,23,22,0,
0,0,0,0,0,0,22,23,23,23,23,23,23,23,23,23,23,23,23,23,23,23,22,0,
0,0,0,0,0,0,22,23,23,23,23,23,23,23,23,23,23,23,23,23,23,23,22,0,
0,0,0,0,0,0,22,23,23,23,23,23,23,23,23,23,23,23,23,23,23,23,22,0,
0,0,0,0,0,0,22,23,23,23,23,23,23,23,23,23,23,23,23,23,23,23,22,0,
0,0,0,0,0,0,22,23,23,23,23,23,23,23,23,23,23,23,23,23,23,23,22,0,
0,0,0,0,0,0,22,23,23,23,23,23,23,23,23,23,23,23,23,23,23,23,22,0,
0,22,22,22,22,22,22,23,23,23,23,23,23,23,23,23,23,23,23,23,23,23,22,0,
0,22,23,23,23,23,23,23,23,23,23,23,23,23,23,23,23,23,23,23,23,23,22,0,
0,22,23,23,23,23,23,23,23,23,23,23,23,23,23,23,23,23,23,23,23,23,22,0,
0,22,23,23,23,23,23,23,23,23,23,23,23,23,23,23,23,23,23,23,23,23,22,0,
0,22,23,23,23,23,23,23,23,23,23,23,23,23,23,23,23,23,23,23,23,23,22,0,
0,22,23,23,23,23,23,23,23,23,23,23,23,23,23,23,23,23,23,23,23,23,22,0,
0,22,22,22,22,22,22,22,22,22,22,22,22,22,22,22,22,22,22,22,22,22,22,0,
0,0,0,0,0,0,0,0,0,0,0,0,0,0,0,0,0,0,0,0,0,0,0,0

[layer]
type=layerObjects
data=
0,0,0,0,0,0,0,0,0,0,0,0,0,0,0,0,0,0,0,0,0,0,0,0,
0,0,0,0,0,0,0,0,0,0,0,0,0,0,0,0,0,0,0,0,0,0,0,0,
0,0,0,0,0,0,0,43,43,43,43,43,43,43,43,43,43,43,43,43,43,43,0,0,
0,0,0,0,0,0,0,51,51,51,51,51,51,51,51,51,51,51,51,51,51,51,0,0,
0,0,0,0,0,0,0,96,0,93,94,95,223,186,0,0,0,0,0,0,0,136,0,0,
0,0,0,0,0,0,0,104,0,0,0,0,0,194,0,0,0,0,0,0,0,0,0,0,
0,0,0,0,0,0,0,102,0,0,0,0,0,194,0,0,66,67,68,0,0,0,0,0,
0,0,0,0,0,0,0,187,188,188,188,188,188,191,0,0,74,75,76,65,0,0,0,0,
0,0,0,0,0,0,0,195,196,196,196,196,196,197,0,0,82,83,84,0,0,0,0,0,
0,0,0,0,0,0,0,0,0,0,0,0,0,0,0,0,0,0,0,0,0,0,0,0,
0,0,0,0,0,0,0,0,0,0,0,0,0,0,0,0,0,0,0,0,0,0,0,0,
0,0,0,0,0,0,0,0,0,0,66,67,68,65,0,0,66,67,68,0,0,0,0,0,
0,0,0,0,0,0,0,0,0,0,74,75,76,0,0,0,74,75,76,65,0,0,0,0,
0,0,0,0,0,0,0,112,0,0,82,83,84,0,0,0,82,83,84,0,0,0,0,0,
0,0,0,0,0,0,0,120,0,0,0,0,0,0,0,0,0,0,0,0,0,0,0,0,
0,0,0,0,0,0,0,0,0,0,0,0,0,0,0,0,0,0,0,0,0,0,0,0,
0,0,0,0,0,0,0,0,0,0,66,65,68,0,0,0,66,65,68,0,0,0,0,0,
0,0,43,43,43,43,44,0,0,65,74,75,76,65,0,65,74,75,76,65,0,0,0,0,
0,0,51,51,51,51,52,0,0,0,82,83,84,0,0,0,82,83,84,0,0,0,0,0,
0,0,0,0,222,0,221,0,0,0,0,0,0,0,0,0,0,0,0,0,0,0,0,0,
0,0,0,0,0,0,0,0,0,0,0,0,0,0,0,0,0,0,0,0,0,0,0,0,
0,0,0,0,0,0,0,0,0,0,0,0,0,0,0,0,0,0,0,0,0,139,0,0,
0,0,0,0,0,0,0,0,0,0,0,0,0,0,0,0,0,0,0,0,0,0,0,0,
0,0,0,0,0,0,0,0,0,0,0,0,0,0,0,0,0,0,0,0,0,0,0,0

[layer]
type=layerObjects2
data=
0,0,0,0,0,0,0,0,0,0,0,0,0,0,0,0,0,0,0,0,0,0,0,0,
0,0,0,0,0,0,0,0,0,0,0,0,0,0,0,0,0,0,0,0,0,0,0,0,
0,0,0,0,0,0,0,0,90,134,92,0,0,0,73,0,206,0,0,73,0,0,0,0,
0,0,0,0,0,0,0,88,0,85,86,87,215,0,81,0,0,0,0,81,0,128,0,0,
0,0,0,0,0,0,0,49,0,0,0,0,0,0,0,0,0,0,0,0,0,0,0,0,
0,0,0,0,0,0,0,0,0,0,0,0,0,216,65,0,0,0,0,0,0,0,0,0,
0,0,0,0,0,0,0,0,0,0,0,0,0,0,0,0,0,208,0,0,0,0,0,0,
0,0,0,0,0,0,0,110,0,217,0,0,209,0,65,0,0,0,0,0,0,0,0,0,
0,0,0,0,0,0,0,0,65,0,65,0,65,0,0,0,0,0,0,0,0,0,0,0,
0,0,0,0,0,0,0,0,0,0,0,0,0,0,0,0,0,0,0,0,0,0,0,0,
0,0,0,0,0,0,0,0,0,0,0,0,0,0,0,0,0,0,0,0,0,0,0,0,
0,0,0,0,0,0,0,0,0,0,0,0,216,0,0,0,0,0,0,0,0,0,0,0,
0,0,0,0,0,0,0,0,0,0,0,209,0,0,0,0,0,57,49,0,0,0,0,0,
0,0,0,0,0,0,0,0,0,0,0,65,0,0,0,0,0,65,0,0,0,0,0,0,
0,0,0,0,0,0,0,0,0,0,0,0,0,0,0,0,0,0,0,0,0,0,0,0,
0,0,0,0,0,0,0,0,0,0,0,0,0,0,0,0,0,0,0,0,0,0,0,0,
0,0,0,0,0,0,0,0,0,0,0,67,0,0,0,0,0,67,0,0,0,0,0,0,
0,0,0,0,0,73,0,0,0,0,0,216,0,0,0,0,217,209,0,0,0,0,0,0,
0,0,0,0,214,81,213,0,0,0,0,65,0,0,0,0,0,65,0,0,0,0,0,0,
0,0,0,0,0,0,0,0,0,0,0,0,0,0,0,0,0,0,0,0,0,0,0,0,
0,0,0,0,0,0,0,0,0,0,0,0,0,0,0,0,0,0,0,0,0,0,0,0,
0,0,0,0,0,0,0,0,0,0,0,0,0,0,0,0,0,0,0,0,0,0,0,0,
0,0,0,0,0,0,0,0,0,0,0,0,0,0,0,0,0,0,0,0,0,0,0,0,
0,0,0,0,0,0,0,0,0,0,0,0,0,0,0,0,0,0,0,0,0,0,0,0

