[header]
width=16
height=16
tilewidth=64
tileheight=64
orientation=orthogonal

[tilesets]
tileset=../tiles/tsSurfaces.png,64,64,0,0
tileset=../tiles/vx_map02/016-ForestTown02.png,64,64,0,0

[characters]
character=Light,hero01_level01,5,7,Braves

[layer]
type=layerSet
data=
0,0,0,0,0,0,0,0,0,0,0,0,0,0,0,0,
0,22,22,22,22,22,22,0,0,0,0,0,0,0,0,0,
0,22,23,23,23,23,22,0,0,0,0,0,0,0,0,0,
0,22,23,23,23,23,22,0,0,0,0,0,0,0,0,0,
0,22,23,23,23,23,22,22,22,22,22,22,22,22,22,0,
0,22,23,23,23,23,23,23,23,23,23,23,23,23,22,0,
0,22,23,23,23,23,23,23,23,23,23,23,23,23,22,0,
0,22,23,23,23,23,23,23,23,23,23,23,23,23,22,0,
0,22,23,23,23,23,23,23,23,23,23,23,23,23,22,0,
0,22,23,23,23,23,23,23,23,23,23,23,23,23,22,0,
0,22,23,23,23,23,23,23,23,23,23,23,23,23,22,0,
0,22,23,23,23,23,23,23,23,23,23,23,23,23,22,0,
0,22,23,23,23,23,23,23,23,23,23,23,23,23,22,0,
0,22,23,23,23,23,23,23,23,23,23,23,23,23,22,0,
0,22,22,22,22,22,22,22,22,22,22,22,22,22,22,0,
0,0,0,0,0,0,0,0,0,0,0,0,0,0,0,0

[layer]
type=layerObjects2
data=
0,0,0,0,0,0,0,0,0,0,0,0,0,0,0,0,
0,0,0,0,0,0,0,0,0,0,0,0,0,0,0,0,
0,0,43,43,48,43,0,0,221,0,0,0,0,0,0,0,
0,0,51,51,56,51,0,0,0,0,0,0,0,0,0,0,
0,0,0,0,0,0,0,0,0,0,0,0,0,0,0,0,
0,0,0,0,0,0,42,43,43,43,43,43,43,43,0,0,
0,0,0,0,0,0,50,51,51,51,51,51,51,51,0,0,
0,0,0,0,0,0,0,0,0,0,194,0,156,97,0,0,
0,0,0,65,65,0,65,65,0,65,194,0,0,97,0,0,
0,0,0,195,197,0,195,197,0,0,194,0,0,97,0,0,
0,0,0,0,0,0,0,0,0,65,194,0,0,105,0,0,
0,0,0,65,65,0,65,65,0,0,190,188,188,189,0,0,
0,0,0,195,197,0,195,197,0,0,195,196,196,197,0,0,
0,0,0,0,0,0,0,0,0,0,0,0,0,0,0,0,
0,0,0,0,0,0,0,0,0,0,0,0,0,0,0,0,
0,0,0,0,0,0,0,0,0,0,0,0,0,0,0,0

[layer]
type=layerObjects
data=
0,0,0,0,0,0,0,0,0,0,0,0,0,0,0,0,
0,0,0,0,0,0,0,0,0,0,0,0,0,0,0,0,
0,0,0,0,0,206,0,0,0,0,0,0,0,0,0,0,
0,0,213,0,0,0,0,0,0,0,0,0,0,0,0,0,
0,0,221,0,0,0,0,0,0,0,0,0,0,0,0,0,
0,0,0,0,213,0,0,0,73,0,0,73,0,0,0,0,
0,0,0,0,221,0,128,0,81,0,186,81,148,89,0,0,
0,0,0,0,0,0,136,0,0,0,0,0,0,217,0,0,
0,0,0,187,189,0,187,189,0,0,208,0,0,208,0,0,
0,0,0,65,65,0,65,65,0,0,0,0,0,0,0,0,
0,0,0,0,0,0,0,0,0,0,216,0,0,0,0,0,
0,0,0,187,189,0,187,189,0,0,0,217,0,0,0,0,
0,0,0,65,65,0,65,65,0,0,0,65,0,0,0,0,
0,0,0,0,0,0,0,0,0,0,0,0,0,0,0,0,
0,0,0,0,0,0,0,0,0,0,0,0,0,0,0,0,
0,0,0,0,0,0,0,0,0,0,0,0,0,0,0,0

