[header]
width=12
height=12
tilewidth=64
tileheight=64
orientation=orthogonal

[tilesets]
tileset=tiles/tilesGround.png,64,64,0,0
tileset=tiles/sheetMisc.png,64,64,0,0

[layer]
type=layerTerrain
data=
46,46,46,46,46,46,46,46,46,46,46,46,
46,46,46,46,46,46,46,46,46,46,46,46,
46,46,46,46,46,46,46,46,46,16,46,46,
46,46,46,46,46,46,46,46,46,46,46,46,
46,46,46,46,46,46,46,46,46,46,46,46,
46,0,0,51,0,0,46,46,46,46,46,46,
46,0,46,46,46,0,0,46,46,46,46,46,
46,0,46,46,46,46,0,46,46,46,46,46,
46,0,0,0,46,46,0,46,46,46,46,46,
46,46,46,0,0,74,0,46,16,46,46,46,
16,46,46,46,46,46,46,46,46,46,46,46,
46,46,46,46,46,46,46,46,46,46,46,46

[layer]
type=layerSolid
data=
0,0,0,0,0,89,0,0,0,0,0,0,
0,0,167,164,0,101,97,0,0,91,97,0,
0,0,0,0,0,0,89,0,0,0,98,90,
0,175,0,0,0,0,101,0,97,95,103,0,
0,0,0,0,175,0,0,0,101,100,0,0,
0,49,50,0,50,52,0,0,0,89,0,0,
0,65,0,0,0,66,52,0,0,89,0,0,
0,65,168,0,0,0,60,0,95,103,0,0,
0,73,75,59,0,0,60,95,103,175,0,0,
0,0,0,73,75,0,76,89,0,0,0,0,
0,167,0,0,0,0,0,98,90,94,0,0,
0,0,0,0,0,0,0,0,0,0,0,0

[layer]
type=layerThing
data=
0,119,0,0,0,0,0,0,0,0,0,0,
0,119,0,0,0,0,0,0,0,0,0,0,
0,131,127,0,0,0,0,151,0,0,0,0,
0,0,131,126,120,127,0,149,0,0,0,0,
0,0,0,119,0,131,127,150,0,0,0,0,
0,0,0,0,0,0,131,124,0,0,0,0,
0,0,0,131,127,0,0,0,0,0,0,0,
0,0,0,0,119,0,0,0,0,0,0,0,
0,0,0,0,131,127,0,0,0,0,0,0,
0,0,0,0,0,0,0,0,0,0,0,0,
0,0,0,0,0,119,0,0,0,0,0,0,
0,0,0,0,0,119,153,152,154,0,0,0

