[header]
width=12
height=22
tilewidth=64
tileheight=64
orientation=orthogonal

[characters]
character=Light,hero05_level01,7,4,Marshal

[tilesets]
tileset=../tiles/vx_map02/031-Ship02.png,64,64,0,0

[layer]
type=layerObjects
data=
0,0,0,0,51,52,53,54,0,0,0,0,
0,0,0,58,59,60,61,62,63,0,0,0,
0,0,65,66,67,68,69,70,71,72,0,0,
0,0,73,74,75,11,77,78,79,80,0,0,
0,0,81,82,3,11,11,3,87,88,0,0,
0,0,81,11,76,3,76,76,76,88,0,0,
0,0,81,3,11,76,11,11,76,88,0,0,
0,0,81,123,0,0,0,0,0,88,0,0,
0,0,81,131,103,103,103,103,103,88,0,0,
0,0,81,139,135,111,111,111,111,88,0,0,
0,0,81,11,131,76,11,11,76,88,0,0,
0,0,81,3,139,76,11,3,76,88,0,0,
0,0,81,76,76,0,0,0,0,88,0,0,
0,0,81,11,123,129,129,129,129,88,0,0,
0,0,97,76,131,137,137,137,137,104,0,0,
0,0,97,3,139,76,3,76,76,104,0,0,
0,0,97,123,0,0,0,210,0,104,0,0,
0,0,97,131,103,103,103,218,103,104,0,0,
0,0,97,139,138,138,111,111,138,104,0,0,
0,0,97,3,11,11,3,11,76,104,0,0,
0,0,97,76,76,3,11,76,76,104,0,0,
0,0,113,116,116,116,116,116,116,112,0,0

[layer]
type=layerObjects0
data=
0,0,0,0,0,171,172,0,0,0,0,0,
0,0,0,0,0,179,180,0,0,0,0,0,
0,0,0,0,0,187,188,0,0,0,0,0,
0,0,0,193,0,0,0,15,0,0,0,0,
0,0,0,201,0,0,0,0,160,0,0,0,
0,0,0,0,0,0,0,0,168,0,0,0,
0,0,0,0,0,0,0,0,176,0,0,0,
0,0,0,0,93,95,95,95,95,0,0,0,
0,0,0,0,83,160,177,178,160,0,0,0,
0,0,0,0,0,168,185,186,168,0,0,0,
0,0,0,0,0,176,0,0,176,0,0,0,
0,0,0,0,85,0,0,0,202,0,0,0,
0,0,0,0,83,95,95,95,95,0,0,0,
0,0,0,0,0,160,181,182,160,0,0,0,
0,0,0,0,0,168,189,190,168,0,0,0,
0,0,0,0,0,176,0,0,176,0,0,0,
0,0,0,0,95,95,95,0,95,0,0,0,
0,0,0,0,198,199,217,0,219,0,0,0,
0,0,0,0,206,207,225,226,227,0,0,0,
0,0,0,0,0,0,0,0,15,0,0,0,
0,0,0,195,0,0,0,198,199,0,0,0,
0,0,0,0,0,0,0,0,0,0,0,0

[layer]
type=layerObjects2
data=
0,0,0,0,0,0,0,0,0,0,0,0,
0,0,0,0,0,0,0,0,0,0,0,0,
0,0,0,0,0,0,0,0,0,0,0,0,
0,0,0,158,0,0,0,0,0,0,0,0,
0,0,0,0,0,0,0,0,0,0,0,0,
0,0,0,0,0,0,0,0,0,0,0,0,
0,0,0,0,0,0,0,0,0,0,0,0,
0,0,0,0,0,0,169,170,0,0,0,0,
0,0,0,0,0,0,0,0,0,0,0,0,
0,0,0,0,0,0,0,0,0,0,0,0,
0,0,0,0,0,0,0,0,0,0,0,0,
0,0,0,0,0,0,0,0,0,0,0,0,
0,0,0,0,0,0,0,0,0,0,0,0,
0,0,0,0,0,0,165,0,0,0,0,0,
0,0,0,0,0,0,0,0,0,0,0,0,
0,0,0,0,0,0,0,0,0,0,0,0,
0,0,0,0,0,0,0,0,0,0,0,0,
0,0,0,0,0,0,0,0,0,0,0,0,
0,0,0,0,0,0,0,0,0,0,0,0,
0,0,0,0,0,0,0,0,0,0,0,0,
0,0,0,0,0,0,0,0,0,0,0,0,
0,0,0,0,0,0,0,0,0,0,0,0

