[header]
width=8
height=20
tilewidth=64
tileheight=64
orientation=orthogonal

[tilesets]
tileset=../tiles/vx_map02/001_Grassland01.png,64,64,0,0
tileset=../tiles/Solid.png,64,64,0,0

[layer]
type=layerObjects
data=
5,23,30,31,32,13,0,0,
41,42,43,44,45,46,47,48,
49,50,51,52,53,54,55,56,
57,58,59,60,61,62,63,64,
65,66,67,68,69,70,71,72,
73,74,75,76,77,78,79,80,
81,82,83,84,85,0,0,0,
89,90,91,92,93,0,0,0,
97,98,99,100,101,0,0,0,
105,106,107,108,109,0,0,0,
113,114,115,116,117,0,0,0,
121,122,123,124,125,0,0,0,
129,130,131,132,133,0,0,0,
137,138,139,140,141,0,0,0,
0,0,0,0,0,0,0,0,
0,0,0,0,0,0,0,0,
0,0,0,0,0,0,0,0,
0,0,0,0,0,0,0,0,
0,0,0,0,0,0,0,0,
0,0,0,0,0,0,0,0

[layer]
type=layerSolid
data=
145,145,145,145,145,145,0,0,
0,0,0,0,0,0,0,0,
0,0,0,0,0,0,0,0,
0,0,0,0,0,0,0,0,
0,0,0,0,0,0,0,0,
0,145,145,0,0,145,145,0,
145,145,0,0,0,0,0,0,
145,145,0,0,0,0,0,0,
145,145,145,145,145,0,0,0,
0,0,0,0,0,0,0,0,
0,0,0,0,0,0,0,0,
145,145,145,145,145,0,0,0,
145,145,145,145,145,0,0,0,
145,145,145,145,145,0,0,0,
0,0,0,0,0,0,0,0,
0,0,0,0,0,0,0,0,
0,0,0,0,0,0,0,0,
0,0,0,0,0,0,0,0,
0,0,0,0,0,0,0,0,
0,0,0,0,0,0,0,0

