[header]
width=24
height=24
tilewidth=64
tileheight=64
orientation=orthogonal

[tilesets]
tileset=../../../../Resources/tiles/tsSurfaces.png,64,64,0,0
tileset=../../../../Resources/tiles/vx_map02/044-Cave02.png,64,64,0,0

[characters]
character=Light,hero04,2,4,Solo
character=Light,warrior02,4,3
character=Light,warrior02,1,2
character=Light,warrior02,3,1
character=Dark,undead02,17,13
character=Dark,undead02,11,6
character=Dark,undead02,5,10
character=Dark,undead02,6,5
character=Dark,undead02,15,21
character=Dark,undead03,3,18
character=Dark,undead03,5,19
character=Dark,undead03,6,16

[layer]
type=layerSet
data=
17,17,17,17,17,17,17,16,16,16,16,16,16,16,16,16,16,16,19,19,19,19,19,19,
17,17,17,17,17,17,17,16,16,16,16,16,16,16,16,16,16,16,19,19,19,19,19,19,
17,17,17,17,17,17,16,16,16,16,16,16,16,16,16,16,16,16,16,16,19,19,19,19,
17,17,17,17,17,16,16,16,16,16,16,16,16,20,20,20,16,16,16,16,16,19,19,19,
17,17,17,17,16,16,16,16,16,16,16,20,20,20,20,20,16,16,16,16,16,16,16,19,
17,17,16,16,16,16,16,16,16,16,16,20,20,20,20,20,16,16,16,16,16,16,16,16,
16,16,16,16,16,16,16,16,16,16,16,20,20,20,20,20,16,16,16,16,16,16,16,16,
16,16,16,16,16,16,16,16,16,16,16,20,20,20,20,20,20,20,20,16,16,16,16,16,
18,18,18,18,18,18,18,16,16,16,16,16,16,16,20,20,20,20,20,16,16,16,16,16,
18,18,18,18,18,18,18,18,16,16,16,16,16,16,20,20,16,16,0,16,16,16,16,16,
18,18,18,18,18,18,18,18,18,18,18,18,16,16,16,0,0,0,0,16,16,16,16,16,
18,18,18,18,18,18,18,18,18,18,18,18,18,16,16,0,16,16,16,16,16,16,16,16,
16,16,16,16,16,16,16,18,18,18,18,18,18,18,18,0,18,16,16,16,16,16,16,16,
16,16,16,16,16,16,16,16,16,18,18,18,18,18,18,0,18,18,16,16,16,16,16,16,
20,20,20,20,16,16,16,16,16,18,18,18,18,18,18,0,18,18,18,16,16,16,16,16,
20,20,20,20,20,20,16,16,16,18,18,18,18,18,18,0,18,18,18,18,16,16,16,16,
16,20,20,20,20,20,20,16,16,16,16,16,16,16,18,0,18,18,18,18,18,18,18,18,
16,20,20,20,20,20,20,16,16,16,16,16,16,16,18,0,18,18,18,18,18,18,18,18,
16,16,16,16,20,20,20,16,16,16,16,16,16,16,18,0,18,18,18,18,18,18,18,18,
16,16,16,16,16,16,16,16,16,16,16,16,16,16,16,0,16,16,16,16,16,16,16,16,
16,16,16,16,16,16,16,16,16,17,17,17,16,16,0,0,16,16,16,16,16,16,16,16,
16,16,16,16,16,16,16,16,16,17,17,17,17,17,16,16,20,20,20,20,20,20,20,20,
16,16,16,16,16,16,16,16,16,17,17,17,17,17,16,16,20,20,20,20,20,20,20,20,
16,16,16,16,16,16,16,16,16,17,17,17,17,17,16,16,20,20,20,20,20,20,20,20

[layer]
type=layerObjects0
data=
0,0,0,0,0,0,0,0,0,0,0,0,0,0,0,0,0,0,0,0,0,0,0,0,
0,0,0,0,0,0,0,0,0,0,0,0,0,0,0,0,0,0,0,0,0,0,0,0,
0,0,0,0,0,0,0,0,0,0,0,0,0,0,0,0,0,0,0,0,0,0,0,0,
0,0,0,0,0,0,0,0,0,0,0,0,80,0,0,0,0,0,0,0,0,0,0,0,
0,0,0,0,0,0,0,0,0,0,0,0,0,0,0,0,0,0,0,0,0,0,0,0,
0,0,0,0,0,0,0,0,0,0,0,0,0,0,0,0,0,0,0,0,0,0,0,0,
0,0,0,0,0,0,0,0,0,0,0,0,0,0,0,0,0,0,0,0,0,0,0,0,
0,0,0,0,0,0,0,0,0,0,0,0,0,0,0,0,0,99,100,0,0,0,0,0,
0,0,0,0,0,0,0,0,0,0,0,0,0,0,0,0,0,0,0,0,0,0,0,0,
0,0,0,0,0,0,0,0,0,0,0,0,0,0,0,0,0,0,0,0,0,0,0,0,
0,0,0,0,0,0,0,0,0,0,0,0,0,0,0,0,0,0,0,0,0,0,0,0,
0,0,0,0,0,0,0,0,0,0,0,0,0,0,0,0,0,0,0,0,0,0,0,0,
0,0,0,0,0,0,0,0,0,0,0,0,0,0,0,0,0,0,0,0,0,0,0,0,
0,0,0,0,0,0,0,0,0,0,0,0,0,0,0,0,0,0,0,0,0,0,0,0,
0,0,0,0,0,0,0,0,0,0,0,0,0,0,0,0,0,0,0,0,0,0,0,0,
0,0,0,0,0,0,0,0,0,0,0,0,0,0,0,0,0,0,0,0,0,0,0,0,
0,0,0,0,0,0,0,0,0,0,0,0,0,0,0,0,0,0,0,0,0,0,0,0,
0,0,0,0,0,0,0,0,0,0,0,0,0,0,0,0,0,0,0,0,0,0,0,0,
0,0,0,0,0,0,0,0,0,0,0,0,0,0,0,0,0,0,0,0,0,0,0,0,
0,0,0,0,0,0,0,0,0,0,0,0,0,0,0,0,0,0,0,0,0,0,0,0,
0,0,0,0,0,0,0,0,80,0,0,0,0,0,0,0,0,0,0,0,0,0,0,0,
0,0,0,0,0,0,0,0,0,0,0,0,0,0,0,0,0,0,0,0,0,0,0,0,
0,0,0,0,0,0,0,0,0,0,0,0,0,0,0,0,0,0,0,0,0,0,0,0,
0,0,0,0,0,0,0,0,0,0,0,0,0,0,0,0,0,0,0,0,0,0,0,0

[layer]
type=layerObjects
data=
83,83,83,83,83,84,0,0,0,0,0,0,0,0,0,0,0,33,0,0,0,0,0,0,
83,83,83,83,117,84,0,0,0,0,63,64,64,64,64,64,64,64,64,64,65,0,0,0,
99,99,99,99,125,100,32,0,0,0,71,72,72,72,72,72,72,72,72,72,73,0,0,0,
0,0,0,0,0,0,0,0,0,0,79,80,0,80,80,80,80,80,101,72,73,40,0,0,
0,0,0,0,0,0,0,0,0,39,82,83,217,83,83,83,83,83,71,72,94,65,0,0,
0,0,0,0,0,0,0,0,0,0,82,83,217,83,83,83,83,83,79,101,72,73,0,0,
0,0,0,0,0,0,0,0,0,0,82,83,217,83,83,83,83,83,83,71,72,73,0,0,
0,0,0,0,0,0,0,0,0,0,98,99,217,99,99,99,99,63,64,93,72,94,65,0,
0,0,0,30,0,0,0,0,0,0,0,31,225,0,0,0,33,71,72,72,72,72,73,0,
0,0,0,0,0,0,0,0,0,0,0,0,0,0,63,64,64,93,72,72,72,72,73,0,
0,0,0,0,0,0,0,0,0,0,0,0,0,0,178,72,72,72,72,72,72,72,73,0,
0,0,45,46,0,0,0,0,0,38,0,0,0,0,178,72,102,80,80,80,80,80,81,0,
0,0,53,54,0,0,31,0,0,0,0,0,0,0,178,72,179,83,83,83,83,83,84,0,
40,0,0,0,0,0,0,0,0,0,0,0,0,0,178,72,179,83,83,83,83,83,84,0,
59,59,59,60,0,0,0,0,0,0,0,0,0,0,178,72,179,83,83,83,83,83,84,0,
67,67,67,68,0,0,0,0,0,0,0,0,38,0,178,72,179,99,99,99,99,99,100,0,
75,69,67,68,0,0,0,0,0,31,0,0,0,0,178,72,179,0,30,0,0,18,18,18,
83,74,75,76,0,0,0,0,0,0,0,0,0,39,178,72,179,0,0,0,0,18,18,18,
83,82,118,84,0,0,0,0,0,0,0,0,0,0,178,72,179,0,0,0,0,18,18,18,
99,82,126,84,0,0,0,63,64,64,64,64,64,64,93,72,179,31,0,18,18,18,18,18,
0,98,217,100,31,0,0,79,0,101,72,72,72,72,72,72,179,0,0,18,18,18,18,18,
0,0,225,0,0,0,0,82,217,71,72,72,72,72,102,80,81,0,0,18,18,18,18,18,
44,0,0,0,0,0,0,98,217,79,80,80,80,80,81,83,84,0,0,0,0,0,0,0,
52,0,0,0,0,0,0,0,225,82,83,83,83,83,84,83,84,0,0,0,0,0,0,0

