[header]
width=16
height=16
tilewidth=64
tileheight=64
orientation=orthogonal

[tilesets]
tileset=../tiles/tsSurfaces.png,64,64,0,0
tileset=../tiles/vx_map02/001_Grassland01.png,64,64,0,0

[characters]
character=Light,hero01_level01,5,7,Braves
character=Tutor,olderman,7,6,Friend
character=Dark,wolf01,12,6,Wolf

[layer]
type=layerSet
data=
1,1,1,1,1,1,1,7,7,7,7,7,7,7,7,7,
1,1,1,1,1,1,1,7,7,7,7,7,7,7,7,7,
1,1,1,1,1,1,1,1,7,7,7,7,7,7,7,7,
1,1,1,1,1,1,1,1,1,1,7,7,7,7,7,7,
1,1,1,1,1,1,1,1,1,1,1,1,1,7,7,7,
1,1,1,1,1,1,1,1,1,2,2,2,1,1,7,7,
1,1,1,1,1,1,1,1,1,2,2,2,1,1,1,1,
1,1,1,1,3,3,3,1,1,2,2,2,1,1,1,1,
1,1,1,1,3,3,3,1,1,1,1,1,1,1,1,1,
1,1,1,1,3,3,3,1,1,1,1,1,1,1,1,1,
1,1,1,1,3,3,3,1,1,1,1,1,1,1,1,1,
1,1,1,1,1,1,1,1,1,1,1,1,1,1,7,7,
1,1,1,1,1,1,1,1,1,1,1,7,7,7,7,7,
1,1,1,1,1,1,1,1,1,1,1,7,7,7,7,7,
1,1,1,1,1,1,1,1,7,7,7,7,7,7,7,7,
1,1,1,1,1,1,1,1,7,7,7,7,7,7,7,7

[layer]
type=layerObjects
data=
74,75,76,77,0,0,0,0,66,67,68,69,0,0,0,0,
82,83,84,85,33,0,0,0,74,75,76,77,0,0,0,32,
90,91,92,93,0,0,0,0,82,83,84,85,46,0,0,0,
98,99,100,101,131,132,133,134,90,91,92,93,66,67,68,69,
0,0,0,138,139,140,141,142,98,99,100,101,74,75,76,77,
0,0,0,146,147,148,149,150,57,0,0,0,82,83,84,85,
32,0,0,154,155,156,157,158,0,0,56,0,90,91,92,93,
0,0,0,162,163,164,165,166,0,0,0,0,98,99,100,101,
0,66,67,68,69,31,0,0,124,125,125,125,125,125,126,0,
0,74,75,76,77,0,0,0,0,0,0,0,0,0,107,0,
0,82,83,84,85,0,0,0,0,0,0,0,0,0,115,0,
0,90,91,92,93,0,0,0,0,0,0,0,0,0,115,0,
0,98,99,100,101,0,0,0,0,0,0,0,0,0,123,0,
0,0,0,0,38,124,125,125,125,125,125,125,125,125,126,0,
0,0,0,0,0,0,0,0,0,0,0,33,0,0,0,0,
0,0,0,0,0,0,0,0,0,0,0,0,0,0,0,0

