[header]
width=24
height=24
tilewidth=64
tileheight=64
orientation=orthogonal

[tilesets]
tileset=tiles/tilesGround.png,64,64,0,0
tileset=tiles/sheetMisc.png,64,64,0,0
tileset=tiles/tilesWater.png,64,64,0,0

[layer]
type=layerTerrain
data=
46,46,46,46,46,46,46,46,46,46,46,46,46,46,46,46,46,46,46,46,46,46,46,46,
46,46,46,46,46,46,46,46,46,46,46,46,46,46,46,46,46,46,46,46,46,46,46,46,
46,46,46,46,46,46,46,46,46,46,46,46,46,46,46,46,46,46,46,46,46,46,46,46,
46,46,46,46,46,46,46,46,46,46,46,46,46,46,46,46,46,46,46,46,46,46,46,46,
46,46,46,46,46,46,46,46,46,46,46,46,46,46,46,46,46,46,46,46,46,46,46,46,
46,46,46,46,46,46,46,46,46,46,46,46,46,46,46,46,46,46,46,46,46,46,46,46,
46,46,46,46,46,46,46,46,46,46,46,46,46,46,46,46,46,46,46,46,46,46,46,46,
46,46,46,46,46,46,46,46,46,46,46,46,46,46,46,46,46,46,46,46,46,46,46,46,
46,46,46,46,46,46,46,46,46,46,46,46,46,46,46,46,46,46,46,46,46,46,46,46,
46,46,46,46,46,46,46,46,46,46,46,46,46,46,46,46,46,46,46,46,46,46,46,46,
46,46,46,46,46,46,46,46,46,46,46,46,46,46,46,46,46,46,46,46,46,46,46,46,
46,46,46,46,46,46,46,46,46,46,46,46,46,46,46,46,46,46,46,46,46,46,46,46,
46,46,46,46,46,46,46,46,46,46,46,46,46,46,46,46,46,46,46,46,46,46,46,46,
46,46,46,46,46,46,46,46,46,46,46,46,46,46,46,46,46,46,46,46,46,46,46,46,
46,46,46,46,46,46,46,46,46,46,46,46,46,46,46,46,46,46,46,46,46,46,46,46,
46,46,46,46,46,46,46,46,46,46,46,46,46,46,46,46,46,46,46,46,46,46,46,46,
46,46,46,46,46,46,46,46,46,46,46,46,46,46,46,46,46,46,46,46,46,46,46,46,
46,46,46,46,46,46,46,46,46,46,46,46,46,46,46,46,46,46,46,46,46,46,46,46,
46,46,46,46,46,46,46,46,46,46,46,46,46,46,46,46,46,46,46,46,46,46,46,46,
46,46,46,46,46,46,46,46,46,46,46,46,46,46,46,46,46,46,46,46,46,46,46,46,
46,46,46,46,46,46,46,46,46,46,46,46,46,46,46,46,46,46,46,46,46,46,46,46,
0,46,46,46,46,46,46,46,46,46,46,46,46,46,46,46,46,46,46,46,46,46,46,46,
0,0,46,46,46,46,46,46,46,46,46,46,46,46,46,46,46,46,46,46,46,46,46,46,
0,0,46,46,46,46,46,46,46,46,46,46,46,46,46,46,46,46,46,46,46,46,46,46

[layer]
type=layerSolid
data=
0,0,0,0,0,0,0,0,0,0,0,0,0,0,0,0,0,0,0,0,0,0,0,0,
0,0,0,0,0,0,0,0,0,0,0,0,0,0,0,0,0,0,0,0,0,0,0,0,
0,0,0,0,0,0,0,0,0,0,0,0,0,0,0,0,0,0,0,0,0,0,0,0,
0,0,0,0,161,0,0,0,0,172,173,173,173,173,173,173,174,167,0,0,0,0,0,0,
0,0,0,0,0,0,0,0,0,180,164,0,0,0,0,0,182,0,0,0,0,0,0,0,
0,0,0,0,0,0,0,0,0,180,0,155,0,0,155,0,182,0,0,0,0,0,0,0,
0,0,0,0,0,0,0,0,0,180,0,0,0,0,0,0,182,0,0,0,0,0,0,0,
0,0,0,0,0,0,0,0,0,180,0,155,0,0,155,0,182,0,0,0,0,0,0,0,
246,246,231,0,0,0,0,0,0,180,0,0,0,0,0,0,182,0,0,0,0,0,0,0,
283,283,245,231,0,0,0,0,0,180,0,155,0,0,155,0,182,0,0,0,0,0,0,0,
283,283,283,229,0,0,0,0,0,180,0,0,0,0,0,0,182,0,0,0,0,0,0,0,
283,283,283,229,0,0,0,0,0,188,189,189,0,189,189,189,190,0,0,0,0,0,0,0,
283,283,283,229,0,0,0,46,46,0,0,0,0,0,0,0,0,0,0,0,0,0,0,0,
283,283,283,245,246,246,231,0,0,0,0,0,0,0,0,0,0,0,0,0,0,0,0,0,
283,283,283,283,283,283,229,0,0,0,0,0,0,0,0,0,0,0,0,0,0,0,0,0,
283,283,283,283,283,283,229,0,0,0,0,0,0,0,0,0,0,0,0,0,0,0,0,0,
283,283,283,283,283,283,229,0,0,0,0,0,0,0,0,0,0,0,0,0,0,0,0,0,
283,283,283,283,283,283,229,0,0,0,0,0,0,0,0,0,0,0,0,0,0,0,0,0,
283,283,283,283,283,283,229,0,0,0,0,0,0,0,0,0,0,0,0,0,0,0,0,0,
283,283,283,283,283,283,229,0,0,0,0,0,0,0,0,0,0,0,0,0,0,0,0,0,
283,283,283,283,283,283,229,0,0,0,0,0,0,0,0,0,0,0,0,0,0,0,0,0,
283,283,283,283,283,283,229,0,0,0,0,0,0,0,0,0,0,0,0,0,0,0,0,0,
283,283,283,283,283,283,229,0,0,0,0,0,0,0,0,0,0,0,0,0,0,0,0,0,
283,283,283,283,283,283,229,0,0,0,0,0,0,0,0,0,0,0,0,0,0,0,0,0

[layer]
type=layerThing
data=
0,0,0,0,0,0,0,0,0,0,0,0,0,0,0,0,0,0,0,0,0,0,0,0,
0,0,0,0,0,0,0,0,0,0,0,0,0,0,0,0,0,0,0,0,0,0,0,0,
0,0,0,0,0,0,0,0,0,0,0,0,0,0,0,0,0,0,0,0,0,0,0,0,
0,0,0,0,0,0,0,0,0,0,0,0,0,0,0,0,0,0,0,0,0,0,0,0,
0,0,0,0,0,0,0,0,0,0,0,0,0,0,0,0,0,0,0,0,0,0,0,0,
0,0,0,0,0,0,0,0,0,0,0,0,0,0,0,0,0,0,0,0,0,0,0,0,
0,0,0,0,0,0,0,0,0,0,0,0,0,0,0,0,0,0,0,0,0,0,0,0,
0,0,0,0,0,0,0,0,0,0,0,0,0,0,0,0,0,0,0,0,0,0,0,0,
0,0,0,0,0,0,0,0,0,0,0,0,0,0,0,0,0,0,0,0,0,0,0,0,
0,0,0,0,0,0,0,0,0,0,0,0,0,0,0,0,0,0,0,0,0,0,0,0,
0,0,0,0,0,0,0,0,0,0,0,0,0,0,0,0,0,0,0,0,0,0,0,0,
0,0,0,0,0,0,0,0,0,0,0,0,104,0,0,0,0,0,0,0,0,0,0,0,
0,0,0,0,0,0,0,0,0,0,0,0,104,0,0,0,0,0,0,0,0,0,0,0,
0,0,0,0,0,0,0,0,0,0,0,0,104,0,0,0,0,0,0,0,0,0,0,0,
0,0,0,0,0,0,0,0,0,0,0,0,104,0,0,0,0,0,0,0,0,0,0,0,
0,0,0,0,0,0,0,0,0,0,0,0,104,0,0,0,0,0,0,0,0,0,0,0,
0,0,0,0,0,0,0,0,0,0,0,0,104,0,0,0,0,0,0,0,0,0,0,0,
0,0,0,0,0,0,0,0,0,0,0,0,104,0,0,0,0,0,0,0,0,0,0,0,
0,0,0,0,0,0,0,0,0,0,0,0,104,0,0,0,0,0,0,0,0,0,0,0,
0,0,0,0,0,0,0,0,0,0,0,0,104,0,0,0,0,0,0,0,0,0,0,0,
0,0,0,0,0,0,0,0,0,0,0,0,104,0,0,0,0,0,0,0,0,0,0,0,
0,0,0,0,0,0,0,0,0,0,0,0,104,0,0,0,0,0,0,0,0,0,0,0,
0,0,0,0,0,0,0,0,0,0,0,0,104,0,0,0,0,0,0,0,0,0,0,0,
0,0,0,0,0,0,0,0,0,0,0,0,104,0,0,0,0,0,0,0,0,0,0,0

